0.0000000000000000 	 -3.4322173901865987 	 2.2944297898902994 
1.0000000000000000 	 -2.5016736623282285 	 1.8828487689535056 
2.0000000000000000 	 -3.5626810658728436 	 0.8386234380855069 
3.0000000000000000 	 -3.3732614448640765 	 2.431315471955095 
4.0000000000000000 	 -3.7905619621363589 	 2.8757662854002852 
5.0000000000000000 	 -3.7377439070354459 	 12.120742325615574 
6.0000000000000000 	 -3.9030172372988940 	 3.237346006563939 
7.0000000000000000 	 -3.6386909638092337 	 1.5956669718409238 
8.0000000000000000 	 -4.9792331171325435 	 1.361383308850304 
9.0000000000000000 	 -5.3930553499578027 	 7.100958078050427 
10.0000000000000000 	 -3.9169883609227485 	 3.100584254767116 
11.0000000000000000 	 -2.5762701616241737 	 3.0856493667833087 
12.0000000000000000 	 -5.8016664037724981 	 6.558475310502461 
13.0000000000000000 	 -2.3521474071532502 	 28.074683943119044 
14.0000000000000000 	 -3.1806829282993165 	 1.1645642414028916 
15.0000000000000000 	 -3.3840175941000186 	 0.5534272703260195 
16.0000000000000000 	 -3.9079294169173298 	 0.6073289798586999 
17.0000000000000000 	 -4.1326326803182640 	 1.7612186009433535 
18.0000000000000000 	 -2.2031042302171389 	 4.624339288858088 
19.0000000000000000 	 -3.6557098939720190 	 1.566699083969638 
20.0000000000000000 	 -3.9500052308134692 	 2.3918639205767644 
21.0000000000000000 	 -3.3123334450533548 	 0.5143761191756616 
22.0000000000000000 	 -3.7310739133819935 	 1.5652624540225462 
23.0000000000000000 	 -3.9560020274622665 	 0.616910340492649 
24.0000000000000000 	 -3.7597606589528088 	 1.5481526564155825 
25.0000000000000000 	 -3.2245281710701277 	 6.195203934551515 
26.0000000000000000 	 -4.0259762208840755 	 3.9041535184690153 
27.0000000000000000 	 -2.1037923292211906 	 6.679975025480738 
28.0000000000000000 	 -3.4294825598636405 	 1.088864690335797 
29.0000000000000000 	 -3.6327435842449933 	 1.2208185662004263 
30.0000000000000000 	 -3.8315121548477826 	 2.276403563727364 
31.0000000000000000 	 -3.3192449989242667 	 0.8076452773014933 
32.0000000000000000 	 -2.4095098366845562 	 2.14503958437124 
33.0000000000000000 	 -3.5766706039173393 	 0.3969477558707707 
34.0000000000000000 	 -3.1574229174667101 	 1.4645312637391867 
35.0000000000000000 	 -2.7023311572162583 	 2.2041681857706394 
36.0000000000000000 	 -3.2337928681091128 	 0.9504212456015695 
37.0000000000000000 	 -2.9405342536693180 	 1.112339399836018 
38.0000000000000000 	 -3.6983035491664804 	 1.205488951795031 
39.0000000000000000 	 -3.4845288400109840 	 1.9947241709995713 
40.0000000000000000 	 -3.6927242297701444 	 1.8329352383055866 
41.0000000000000000 	 -3.5455427003782671 	 5.717239670997775 
42.0000000000000000 	 -3.7080385636883988 	 1.8835203397871632 
43.0000000000000000 	 -3.1215760203263385 	 1.6804169445198087 
44.0000000000000000 	 -3.6969086816678942 	 1.831263872733816 
45.0000000000000000 	 -2.9003088370196912 	 2.67508455702281 
46.0000000000000000 	 -3.7175717129873993 	 1.8517893756898058 
47.0000000000000000 	 -3.6791135995260729 	 1.6154803395945423 
48.0000000000000000 	 -3.7521022305258716 	 2.5297762945444595 
49.0000000000000000 	 -3.2164907507421714 	 1.0905597647299876 
50.0000000000000000 	 -3.5866549034754058 	 1.6840276678578263 
51.0000000000000000 	 -3.3081595079228809 	 1.8472852728524936 
52.0000000000000000 	 -3.0541129540653991 	 1.1366338933793674 
53.0000000000000000 	 -3.9260648856117215 	 3.0129458476968853 
54.0000000000000000 	 -2.9305707933536929 	 1.3756635284004206 
55.0000000000000000 	 -3.9984959711815447 	 10.93946133222843 
56.0000000000000000 	 -3.4740951978559771 	 1.7469074470086559 
57.0000000000000000 	 -2.4717939785137077 	 5.570274258581575 
58.0000000000000000 	 -4.1927886420438067 	 0.9784207206944031 
59.0000000000000000 	 -3.8678899015324641 	 2.5688677572407026 
60.0000000000000000 	 -3.7803233414727369 	 5.005960012591872 
61.0000000000000000 	 -3.8056501750909670 	 4.856485903484842 
62.0000000000000000 	 -4.2171731832072803 	 4.7498418402204265 
63.0000000000000000 	 -3.6628099452136116 	 2.901549489663768 
64.0000000000000000 	 -3.9682243506763610 	 2.86200591070443 
65.0000000000000000 	 -3.7191766306169036 	 3.073289879483273 
66.0000000000000000 	 -2.6937692006226173 	 1.2102512384939996 
67.0000000000000000 	 -3.9306590410563333 	 0.8581135267356474 
68.0000000000000000 	 -3.9007817334777664 	 3.2347158888138927 
69.0000000000000000 	 -3.8807913134088525 	 1.4622765723629538 
70.0000000000000000 	 -4.6862492992067404 	 2.206779970410137 
71.0000000000000000 	 -3.3236294647046112 	 1.353973393114738 
72.0000000000000000 	 -4.1048191773812635 	 2.268521698678089 
73.0000000000000000 	 -3.7903188098028626 	 0.8380141542873847 
74.0000000000000000 	 -3.5232003409766977 	 2.2424484920745527 
75.0000000000000000 	 -4.7477113901993961 	 1.588880034864158 
76.0000000000000000 	 -4.2151544888937780 	 3.9023058882785304 
77.0000000000000000 	 -3.5279656199159559 	 1.012761504127286 
78.0000000000000000 	 -5.7169011068617364 	 4.6105129148690995 
79.0000000000000000 	 -4.8703356281935744 	 6.041484701324132 
80.0000000000000000 	 -3.8973258442130940 	 3.931111069807919 
81.0000000000000000 	 -3.7554758533744477 	 0.7353618225077799 
82.0000000000000000 	 -3.0780504888970568 	 0.9893048997052205 
83.0000000000000000 	 -3.9856552446080733 	 4.739756441409927 
84.0000000000000000 	 -2.1743322038382233 	 3.0064965778033783 
85.0000000000000000 	 -3.5484254071897205 	 0.23941696530883902 
86.0000000000000000 	 -2.7778490246851986 	 0.8767858835131978 
87.0000000000000000 	 -2.5854452580828293 	 0.9902531586583373 
88.0000000000000000 	 -3.7001183856487718 	 7.389091520312581 
89.0000000000000000 	 -2.8303761333261854 	 1.2086621585271349 
90.0000000000000000 	 -3.9078326571327238 	 2.1749885763755525 
91.0000000000000000 	 -3.9576241984796741 	 4.129609074498604 
92.0000000000000000 	 -3.5971746003079224 	 1.3803945270234135 
93.0000000000000000 	 -4.2512699777972278 	 2.719890988690594 
94.0000000000000000 	 -2.2965786631014380 	 2.007817363865956 
95.0000000000000000 	 -2.1019179087810111 	 1.9804342368900092 
96.0000000000000000 	 -3.4426954574940227 	 0.3237373259514169 
97.0000000000000000 	 -3.8640071108168326 	 0.8832288257854894 
98.0000000000000000 	 -3.7038192906650447 	 5.552102450160973 
99.0000000000000000 	 -3.9247997975977671 	 4.588673370272094 
100.0000000000000000 	 -4.0216013473219077 	 8.719557254335504 
101.0000000000000000 	 -4.6357814455841195 	 4.675446793148353 
102.0000000000000000 	 -3.9871144468568156 	 62.447309527674214 
103.0000000000000000 	 -3.5681102922718435 	 4.805571509859971 
104.0000000000000000 	 -3.0968757485801377 	 1.027948816816518 
105.0000000000000000 	 -5.0904920506372777 	 2.6968099734821593 
106.0000000000000000 	 -3.8384041762323329 	 1.9222098160764396 
107.0000000000000000 	 -2.3798630906578664 	 2.336363642065661 
108.0000000000000000 	 -3.4171949674762265 	 0.4347498481745919 
109.0000000000000000 	 -3.4348460458254246 	 1.0706102273616442 
110.0000000000000000 	 -3.9282753341266599 	 1.032202556797909 
111.0000000000000000 	 -4.0990181264458911 	 14.902003647053059 
112.0000000000000000 	 -2.3187370992539384 	 3.317340500624114 
113.0000000000000000 	 -3.1139936081287303 	 0.9384169053107513 
114.0000000000000000 	 -3.0477267707694531 	 0.8346729746430345 
115.0000000000000000 	 -2.5470412732425425 	 3.6391861693125263 
116.0000000000000000 	 -3.9972021074883699 	 65.38274749057634 
117.0000000000000000 	 -3.0481772833364613 	 0.571064371665811 
118.0000000000000000 	 -3.6738269282925717 	 1.5248660785746946 
119.0000000000000000 	 -2.5290664553987945 	 2.1258855636831004 
120.0000000000000000 	 -2.1825898505777732 	 2.5741099577654354 
121.0000000000000000 	 -3.8653828577727247 	 0.3636106570572682 
122.0000000000000000 	 -2.6820366563180369 	 5.575335055457295 
123.0000000000000000 	 -2.3263103075276184 	 5.30146122396421 
124.0000000000000000 	 -3.8425123386497750 	 0.34660736979786555 
125.0000000000000000 	 -3.3973883765580273 	 0.9905478784828264 
126.0000000000000000 	 -3.8246880909619390 	 2.030254203044064 
127.0000000000000000 	 -3.6325232178253488 	 0.7088298869146794 
128.0000000000000000 	 -2.0296485873251462 	 25.404066758883335 
129.0000000000000000 	 -3.1244042179288098 	 0.40702814949823163 
130.0000000000000000 	 -4.5422751874583600 	 2.7061760139464455 
131.0000000000000000 	 -2.3782287222486094 	 11.227699717693204 
132.0000000000000000 	 -4.0833892502852711 	 1.7305621147517825 
133.0000000000000000 	 -3.9679794351654660 	 1.173588563300414 
134.0000000000000000 	 -3.5568790742526035 	 1.5020221687371136 
135.0000000000000000 	 -3.7024195976924839 	 2.8830272893163884 
136.0000000000000000 	 -3.7369314980330333 	 0.8388330431109027 
137.0000000000000000 	 -3.6417554638504233 	 1.0723515701886022 
138.0000000000000000 	 -2.6996235835484428 	 4.2739593356138545 
139.0000000000000000 	 -4.0655492930125057 	 2.7923584683855776 
140.0000000000000000 	 -4.5099821431136968 	 4.019804037192286 
141.0000000000000000 	 -5.2177889390623173 	 58.147858886069585 
142.0000000000000000 	 -3.8839989410703932 	 4.756920953211959 
143.0000000000000000 	 -3.7125772882998254 	 1.3075318509391 
144.0000000000000000 	 -3.9316476095468476 	 1.05607090353195 
145.0000000000000000 	 -3.9287005695123951 	 15.812583063142295 
146.0000000000000000 	 -4.0166496319424558 	 1.588078763120353 
147.0000000000000000 	 -3.2925262956253514 	 0.9938586759257306 
148.0000000000000000 	 -3.6102339509061965 	 2.714111227795856 
149.0000000000000000 	 -3.8462562181919004 	 1.7219849934700469 
150.0000000000000000 	 -3.6897319627879881 	 1.2813816602667678 
151.0000000000000000 	 -3.6036161824553710 	 1.210079856654657 
152.0000000000000000 	 -3.9649226856546975 	 9.448916497506296 
153.0000000000000000 	 -5.0144647772354931 	 1.817947504000023 
154.0000000000000000 	 -3.6127688618200535 	 2.091936013564021 
155.0000000000000000 	 -3.5350241059511225 	 0.9158149757324696 
156.0000000000000000 	 -3.1935660922067601 	 1.1818752243354786 
157.0000000000000000 	 -3.6994630731150604 	 0.730056835444409 
158.0000000000000000 	 -4.3028923556609842 	 1.0268141115884795 
159.0000000000000000 	 -3.1993318763135323 	 2.744114703166564 
160.0000000000000000 	 -2.9120240078164641 	 0.8946814963496353 
161.0000000000000000 	 -4.7545103867709653 	 2.0445630482463546 
162.0000000000000000 	 -3.6934805299207047 	 4.368857488860588 
163.0000000000000000 	 -2.3730002905105247 	 6.659221675352879 
164.0000000000000000 	 -2.9504079230520088 	 0.48642599702826284 
165.0000000000000000 	 -3.8509896670445469 	 1.4930509406117445 
166.0000000000000000 	 -3.2774106040617190 	 0.32689590371657384 
167.0000000000000000 	 -3.8267350039411174 	 0.6743094327948869 
168.0000000000000000 	 -3.7974013107410687 	 5.215584606440208 
169.0000000000000000 	 -3.6862650881719072 	 4.069071619117223 
170.0000000000000000 	 -3.5942443588803292 	 0.483169445199748 
171.0000000000000000 	 -3.5969806667793103 	 3.0177350774413183 
172.0000000000000000 	 -4.4728297526519043 	 4.238271704416319 
173.0000000000000000 	 -3.9319439477539513 	 4.2683614267533425 
174.0000000000000000 	 -3.8001564395827319 	 14.112333882309702 
175.0000000000000000 	 -3.9607176724821214 	 2.1841085890096434 
176.0000000000000000 	 -5.2147733484154273 	 4.115245660871387 
177.0000000000000000 	 -3.8159632002883175 	 3.4736922156962633 
178.0000000000000000 	 -2.9415183920325054 	 2.879066476060552 
179.0000000000000000 	 -3.3717448731743005 	 0.7056963901224897 
180.0000000000000000 	 -2.2023218247430543 	 2.641779113055315 
181.0000000000000000 	 -4.0200225524803797 	 1.480705508446695 
182.0000000000000000 	 -3.6723291127845354 	 1.9746264287169613 
183.0000000000000000 	 -3.5680144793724597 	 1.6767361200016262 
184.0000000000000000 	 -3.4553460136072300 	 1.5197183857841807 
185.0000000000000000 	 -3.9245062802410775 	 1.572777541480642 
186.0000000000000000 	 -3.5681468956743858 	 1.9380344950886819 
187.0000000000000000 	 -3.6815117888787579 	 2.7557114278403594 
188.0000000000000000 	 -2.5510891781022420 	 6.0441829359361 
189.0000000000000000 	 -3.8918656998619845 	 0.2837795525225581 
190.0000000000000000 	 -4.3034390457951002 	 2.764063417981682 
191.0000000000000000 	 -2.6276120402758631 	 1.6292867447080748 
192.0000000000000000 	 -2.6354808954263427 	 1.333954105387681 
193.0000000000000000 	 -3.4112664580558785 	 0.6254272920768341 
194.0000000000000000 	 -3.6522345596844872 	 3.4083360766259445 
195.0000000000000000 	 -2.0254849014490670 	 44.25270221982045 
196.0000000000000000 	 -2.5241324900790878 	 0.5594789230278602 
197.0000000000000000 	 -2.2021310333945614 	 3.8926586821073017 
198.0000000000000000 	 -3.9353766694079200 	 2.2463467234145513 
199.0000000000000000 	 -3.2035534510568664 	 7.917929370714019 
200.0000000000000000 	 -3.4183670523363068 	 1.6199921206907384 
201.0000000000000000 	 -5.6458217249113414 	 10.87171792875942 
202.0000000000000000 	 -5.1568576454538553 	 3.6703882925930644 
203.0000000000000000 	 -2.6207932975028658 	 4.2542542377759425 
204.0000000000000000 	 -2.6177008027469646 	 4.38940886755207 
205.0000000000000000 	 -2.8033915188284149 	 0.3990718673083745 
206.0000000000000000 	 -4.0276642870855275 	 1.2158309664572453 
207.0000000000000000 	 -2.4998306294387698 	 8.960069992801099 
208.0000000000000000 	 -2.9994215735773868 	 0.7328212595938746 
209.0000000000000000 	 -3.6817719973285210 	 0.8324653968874854 
210.0000000000000000 	 -3.2027025004413807 	 0.7792965294441542 
211.0000000000000000 	 -3.4004020544994180 	 0.5615940284005188 
212.0000000000000000 	 -3.5179757323114438 	 5.767876369726755 
213.0000000000000000 	 -3.9562772318467432 	 1.665522080570786 
214.0000000000000000 	 -2.5304976436531388 	 2.188744111362712 
215.0000000000000000 	 -3.7233664556967736 	 0.4844999693700532 
216.0000000000000000 	 -2.1825856988873027 	 8.768455442440677 
217.0000000000000000 	 -4.3708575145560227 	 0.42334032447490616 
218.0000000000000000 	 -3.9033063421289524 	 1.6305044799429593 
219.0000000000000000 	 -3.9820029187217205 	 14.175816581225083 
220.0000000000000000 	 -3.3483863095950253 	 3.1241446378124005 
221.0000000000000000 	 -3.6052813709539762 	 1.7922708369048694 
222.0000000000000000 	 -5.5581877928288570 	 8.332974068572808 
223.0000000000000000 	 -5.2750807089607346 	 12.634646983249533 
224.0000000000000000 	 -4.0266127025443597 	 1.453751095129072 
225.0000000000000000 	 -3.8385113280099907 	 4.494797804703275 
226.0000000000000000 	 -4.2611953021581011 	 2.537634373526778 
227.0000000000000000 	 -4.3474597377762967 	 6.753745224134342 
228.0000000000000000 	 -3.9436486696643338 	 7.881351302106431 
229.0000000000000000 	 -4.0307891400937264 	 0.8443231668128633 
230.0000000000000000 	 -2.9383297818280254 	 3.47292568806926 
231.0000000000000000 	 -3.0307219414272173 	 2.080446987187479 
232.0000000000000000 	 -3.9937752686176071 	 46.125584649660496 
233.0000000000000000 	 -3.1842475632028928 	 0.7556653174647653 
234.0000000000000000 	 -2.8982972200918118 	 0.5461875079750006 
235.0000000000000000 	 -2.7332062028408344 	 0.4697202906631803 
236.0000000000000000 	 -2.2908419878717341 	 6.974911282712686 
237.0000000000000000 	 -3.6738979152987632 	 0.9269572045227865 
238.0000000000000000 	 -3.3593280815897120 	 1.1067867373508724 
239.0000000000000000 	 -4.7888249692428246 	 1.310361071729877 
240.0000000000000000 	 -4.8522203485609925 	 130.61465577637375 
241.0000000000000000 	 -3.8833125820318140 	 8.132735623330804 
242.0000000000000000 	 -2.5181355338957441 	 3.2740114798969615 
243.0000000000000000 	 -3.9952825771016780 	 2.4512787784702543 
244.0000000000000000 	 -3.4349985768198668 	 0.5933670014354084 
245.0000000000000000 	 -3.7833761715989804 	 2.153763354548045 
246.0000000000000000 	 -3.3363419572149109 	 1.5690275913598628 
247.0000000000000000 	 -3.0489560334106276 	 1.4593393130041366 
248.0000000000000000 	 -3.3621746080275217 	 1.411973367156076 
249.0000000000000000 	 -3.9442094099522809 	 1.3253876016549218 
250.0000000000000000 	 -3.1998372929144923 	 1.5239494633514503 
251.0000000000000000 	 -3.9436954645464288 	 5.3893810066444665 
252.0000000000000000 	 -2.9587388601896483 	 0.9170206863305773 
253.0000000000000000 	 -3.6460441063818467 	 0.7018848560635869 
254.0000000000000000 	 -3.9336522341827709 	 0.9565477076684178 
255.0000000000000000 	 -4.9580732688714164 	 2.086486823954906 
256.0000000000000000 	 -3.7517044904976879 	 2.9659377572514667 
257.0000000000000000 	 -3.8328033471134217 	 51.16440082574472 
258.0000000000000000 	 -2.1118446730935765 	 4.779730150964961 
259.0000000000000000 	 -3.9712782789218428 	 5.901206105499181 
260.0000000000000000 	 -3.4901809347807919 	 1.2807105559228356 
261.0000000000000000 	 -3.1222924141467940 	 0.43855458583630597 
262.0000000000000000 	 -4.0416998514468201 	 0.9455352627822924 
263.0000000000000000 	 -3.1745649887374592 	 2.1324156998753403 
264.0000000000000000 	 -2.6294891415305059 	 0.7539302770254698 
265.0000000000000000 	 -2.5511841806977680 	 0.4593555405286479 
266.0000000000000000 	 -3.6518295711938493 	 1.030525615765806 
267.0000000000000000 	 -3.4406238238477704 	 5.579630873396755 
268.0000000000000000 	 -2.7033961346879369 	 1.3993024527347255 
269.0000000000000000 	 -3.6988293106821208 	 0.6529346237494141 
270.0000000000000000 	 -3.8567351473916642 	 1.072657308846651 
271.0000000000000000 	 -3.1113800175445330 	 0.4156781832724855 
272.0000000000000000 	 -3.6378504957782316 	 1.5105311188769577 
273.0000000000000000 	 -3.7661326341238075 	 0.9585283724920682 
274.0000000000000000 	 -2.0475029828018445 	 7.778313326419989 
275.0000000000000000 	 -3.9839492951606132 	 49.619284311640556 
276.0000000000000000 	 -3.2943659848168600 	 1.4943986614226537 
277.0000000000000000 	 -3.1324878429895127 	 0.6482971526286428 
278.0000000000000000 	 -4.0503669016270152 	 0.4451422785779494 
279.0000000000000000 	 -2.0040717424354795 	 362.0968130703467 
280.0000000000000000 	 -2.8836393305873327 	 0.4428193865386826 
281.0000000000000000 	 -3.5290581701394363 	 0.3868493491692897 
282.0000000000000000 	 -3.9067816239761020 	 0.7855762327044815 
283.0000000000000000 	 -3.5841357952139248 	 1.6930450590769048 
284.0000000000000000 	 -4.7686756939133232 	 3.7792027578354204 
285.0000000000000000 	 -2.3286432898950067 	 1.9255996471022891 
286.0000000000000000 	 -3.5087770758317181 	 0.4086931387572964 
287.0000000000000000 	 -2.4840004056053160 	 0.9093745289654742 
288.0000000000000000 	 -3.6672529126128093 	 0.9288281159279406 
289.0000000000000000 	 -3.1806574759627395 	 1.8526127859917116 
290.0000000000000000 	 -3.9307037058577765 	 1.6764923719982872 
291.0000000000000000 	 -3.8336169256137795 	 2.9611250539739653 
292.0000000000000000 	 -3.6530498340601723 	 6.550881687987162 
293.0000000000000000 	 -2.2784432962434691 	 2.226063107974529 
294.0000000000000000 	 -4.2440926716354301 	 1.42880521498419 
295.0000000000000000 	 -3.6638735370437079 	 1.0222616245531249 
296.0000000000000000 	 -3.1083373557548368 	 0.6471825246792595 
297.0000000000000000 	 -3.5439569931284005 	 0.7125043672172513 
298.0000000000000000 	 -4.0575088872160352 	 2.191252341765201 
299.0000000000000000 	 -3.7808460246827691 	 0.8127076293217559 
300.0000000000000000 	 -4.3420190762986106 	 1.2401318882439563 
301.0000000000000000 	 -3.2201450133157259 	 2.262692345138742 
302.0000000000000000 	 -2.1670574672001415 	 2.373301028777118 
303.0000000000000000 	 -3.4143372350524865 	 0.3824225336449327 
304.0000000000000000 	 -3.6087428169993214 	 1.2154100344198504 
305.0000000000000000 	 -4.4437476572600962 	 1.1879452593253075 
306.0000000000000000 	 -2.7655914190543602 	 1.7412765848192815 
307.0000000000000000 	 -3.5659948771628094 	 0.736092136941006 
308.0000000000000000 	 -3.1256802946370277 	 3.137412250771929 
309.0000000000000000 	 -2.3574082391921083 	 9.85042804598672 
310.0000000000000000 	 -3.8954715375460980 	 1.2602453802485698 
311.0000000000000000 	 -3.3754243861565043 	 1.1027758594211128 
312.0000000000000000 	 -3.8695879562070741 	 2.3283344290058836 
313.0000000000000000 	 -3.8818600702976158 	 0.828269386068759 
314.0000000000000000 	 -4.1910142438856033 	 1.104486425659582 
315.0000000000000000 	 -3.5152233251995972 	 0.6958754795588501 
316.0000000000000000 	 -2.3439156896892670 	 2.912077257385529 
317.0000000000000000 	 -2.8506051434524808 	 0.46341410832218627 
318.0000000000000000 	 -2.7966032473705988 	 0.8844058298905502 
319.0000000000000000 	 -3.4814111535053698 	 0.3552520096627315 
320.0000000000000000 	 -3.8565238480792856 	 1.7937613813476805 
321.0000000000000000 	 -3.1488344390471679 	 0.47933716724456754 
322.0000000000000000 	 -3.7488297178245653 	 1.163649529807282 
323.0000000000000000 	 -3.8189997949116941 	 2.0299543459752636 
324.0000000000000000 	 -3.6510064306621945 	 0.8532011037942335 
325.0000000000000000 	 -3.9575237330050932 	 11.528235334848032 
326.0000000000000000 	 -3.9911469610907391 	 23.865129091966573 
327.0000000000000000 	 -4.4931638394731355 	 2.485248843572138 
328.0000000000000000 	 -3.9856660307739302 	 5.017789804769049 
329.0000000000000000 	 -3.5930871717187278 	 1.1899892966044394 
330.0000000000000000 	 -3.9978481602903027 	 1.5670714209511942 
331.0000000000000000 	 -3.6151524909994812 	 0.8223030330991236 
332.0000000000000000 	 -3.2905996773578119 	 1.2036869489747122 
333.0000000000000000 	 -2.4238121285338345 	 0.7565665323218492 
334.0000000000000000 	 -3.7821975906993996 	 0.679085446759286 
335.0000000000000000 	 -3.8849350537019758 	 3.665601959685573 
336.0000000000000000 	 -2.6988077054688806 	 0.9006085942649134 
337.0000000000000000 	 -3.9555705326804107 	 1.9905744853137302 
338.0000000000000000 	 -2.8457168050279846 	 0.7575051175421887 
339.0000000000000000 	 -2.3437791659117164 	 1.0147030170859632 
340.0000000000000000 	 -3.5874027039980056 	 0.33107286669387304 
341.0000000000000000 	 -3.9156155914615862 	 1.254139764984049 
342.0000000000000000 	 -5.7615484961000769 	 5.525517787778362 
343.0000000000000000 	 -3.8913303039999825 	 13.750222053902899 
344.0000000000000000 	 -3.6277836211054937 	 1.2747984183892547 
345.0000000000000000 	 -3.2485595199333499 	 2.0785341776700084 
346.0000000000000000 	 -3.4629806563495724 	 8.938478004303581 
347.0000000000000000 	 -4.5551038407482984 	 1.5494040833624918 
348.0000000000000000 	 -3.8306296117847154 	 4.544252554632659 
349.0000000000000000 	 -3.1808515858281297 	 0.5699581622532571 
350.0000000000000000 	 -3.0610598765362647 	 0.3614828391349819 
351.0000000000000000 	 -3.7075951707048325 	 1.674849071652661 
352.0000000000000000 	 -3.8793443152245608 	 1.4667505760437973 
353.0000000000000000 	 -2.4619195323157488 	 9.253900802578485 
354.0000000000000000 	 -2.9099239103021053 	 0.7737219178419811 
355.0000000000000000 	 -3.9632196926257599 	 1.906655472658073 
356.0000000000000000 	 -3.5948913559856659 	 1.5749725239897825 
357.0000000000000000 	 -2.8709004096984416 	 4.2388475725664065 
358.0000000000000000 	 -3.5508114622914757 	 0.718481707437278 
359.0000000000000000 	 -5.1889187192045663 	 4.304321951907501 
360.0000000000000000 	 -3.0408260730077039 	 13.405703381064967 
361.0000000000000000 	 -3.8711813491602713 	 14.143571754825697 
362.0000000000000000 	 -3.1988888741462351 	 0.45938449707532 
363.0000000000000000 	 -3.6589331293246703 	 0.4756338893918531 
364.0000000000000000 	 -3.7322058204165542 	 0.5864570975878286 
365.0000000000000000 	 -3.9487134410500722 	 3.67007171436816 
366.0000000000000000 	 -4.1629965891259948 	 3.8496016664366217 
367.0000000000000000 	 -3.8069262992565935 	 1.7677862095973664 
368.0000000000000000 	 -4.4851298446739643 	 5.796808341405221 
369.0000000000000000 	 -4.7351819434198417 	 3.1941356045653024 
370.0000000000000000 	 -3.6445292436368755 	 6.089774726426379 
371.0000000000000000 	 -3.1569205089852037 	 1.2430952996547937 
372.0000000000000000 	 -2.7190922785122225 	 0.7069983361934704 
373.0000000000000000 	 -3.0943575924465603 	 0.8522038113401166 
374.0000000000000000 	 -2.8828360147499477 	 1.6061324969392183 
375.0000000000000000 	 -3.5510122657306615 	 1.3993069921580128 
376.0000000000000000 	 -2.7497722629602808 	 0.9258836968416146 
377.0000000000000000 	 -3.8631977898825971 	 2.2516742920159802 
378.0000000000000000 	 -3.3687959408733508 	 0.7666073912324203 
379.0000000000000000 	 -3.5100685309693644 	 1.7465160293002984 
380.0000000000000000 	 -3.2081928331864660 	 0.9407413617975815 
381.0000000000000000 	 -4.0995244518920675 	 0.44719928689847993 
382.0000000000000000 	 -3.6955011964913362 	 4.827655941967385 
383.0000000000000000 	 -4.1032521506074238 	 2.67537827048262 
384.0000000000000000 	 -2.8807093329506497 	 2.1180946267237615 
385.0000000000000000 	 -3.8365005896887157 	 1.6831540607485946 
386.0000000000000000 	 -0.8665758547743999 	 6.031866062808413 
387.0000000000000000 	 -3.9473738365433100 	 0.9301193994814492 
388.0000000000000000 	 -3.9943591941110057 	 22.415786045041454 
389.0000000000000000 	 -3.4375835953887752 	 6.7401102039096035 
390.0000000000000000 	 -3.1624219763262862 	 1.045200363613431 
391.0000000000000000 	 -3.9352129011315142 	 7.53419458775412 
392.0000000000000000 	 -4.5951258019439871 	 1.4832094580624497 
393.0000000000000000 	 -3.4830385819853706 	 2.0736838425829536 
394.0000000000000000 	 -3.4040166338959761 	 0.6219242501179195 
395.0000000000000000 	 -2.7111604354047172 	 1.2473485438855672 
396.0000000000000000 	 -3.7341645238754086 	 0.6611926310093805 
397.0000000000000000 	 -3.5715579018041299 	 1.784558755788198 
398.0000000000000000 	 -2.1695554970884676 	 4.682024764039472 
399.0000000000000000 	 -3.8222878111009990 	 0.8039755321398208 
400.0000000000000000 	 -3.7285681950960283 	 15.183457356357307 
401.0000000000000000 	 -3.5812490192294186 	 1.9671609614581775 
402.0000000000000000 	 -3.3006637925512603 	 8.785083114730266 
403.0000000000000000 	 -4.0373586177343261 	 2.1635242962040384 
404.0000000000000000 	 -2.8729467920360370 	 2.438644957215085 
405.0000000000000000 	 -3.7575036552708587 	 0.3548147661436781 
406.0000000000000000 	 -3.8704648524406808 	 5.6133098530889605 
407.0000000000000000 	 -3.2907942306979261 	 1.240439183933777 
408.0000000000000000 	 -4.1353859849492070 	 0.8792564356285016 
409.0000000000000000 	 -3.3838764415153864 	 2.358233620337539 
410.0000000000000000 	 -3.1405200866826246 	 1.2588861518823402 
411.0000000000000000 	 -2.5304457649688166 	 1.0259850565890922 
412.0000000000000000 	 -3.9132703835097722 	 3.2262380872257386 
413.0000000000000000 	 -3.3897088264740627 	 0.9994966448874637 
414.0000000000000000 	 -3.7151329085909732 	 2.1600429517415844 
415.0000000000000000 	 -3.6627093046770387 	 1.1896974902270532 
416.0000000000000000 	 -3.3688626560791115 	 0.9285999268738465 
417.0000000000000000 	 -2.9338385083376552 	 0.8221307785756106 
418.0000000000000000 	 -2.7156773738897355 	 1.337106134315227 
419.0000000000000000 	 -3.4705792760431939 	 1.1035375582608318 
420.0000000000000000 	 -3.5997719967088275 	 5.02761064544151 
421.0000000000000000 	 -3.5965977144261805 	 2.455266531392894 
422.0000000000000000 	 -2.3298792692176051 	 3.911919893212038 
423.0000000000000000 	 -2.8704727967304566 	 1.9719493669890176 
424.0000000000000000 	 -3.7920956715999634 	 0.6743454768575592 
425.0000000000000000 	 -5.2816956665004069 	 4.768342905182892 
426.0000000000000000 	 -3.4240835893042192 	 5.665228345113324 
427.0000000000000000 	 -2.5383081345519791 	 1.5346737786413327 
428.0000000000000000 	 -2.7605853205739534 	 2.396700541629181 
429.0000000000000000 	 -2.7396425502441297 	 0.9337336479389693 
430.0000000000000000 	 -3.3572208707898556 	 0.4247711651578259 
431.0000000000000000 	 -5.0820682854314736 	 7.7531343476537105 
432.0000000000000000 	 -3.5649903308361863 	 1.5954681086483562 
433.0000000000000000 	 -3.8816210224599894 	 5.709614452697963 
434.0000000000000000 	 -2.4279134963720099 	 9.28729771853257 
435.0000000000000000 	 -2.3682952313173935 	 2.2761701809988417 
436.0000000000000000 	 -3.4485274510189421 	 0.22905423069168118 
437.0000000000000000 	 -3.4589139518403722 	 7.652210654201187 
438.0000000000000000 	 -3.7469521734817426 	 0.6145818576411374 
439.0000000000000000 	 -3.7501127945435253 	 7.809819945418448 
440.0000000000000000 	 -4.3401364648600795 	 1.2527840492452371 
441.0000000000000000 	 -3.9295767755781452 	 4.197808547991911 
442.0000000000000000 	 -2.9403921587193280 	 0.8791294955894947 
443.0000000000000000 	 -3.5038735340760638 	 0.6176098844741853 
444.0000000000000000 	 -4.3779403533805850 	 0.8839669923252542 
445.0000000000000000 	 -3.3028644299208474 	 4.806757237455594 
446.0000000000000000 	 -3.8593905685150407 	 1.28875316495611 
447.0000000000000000 	 -1.6499496974917844 	 20.724001748995672 
448.0000000000000000 	 -3.7435709378347966 	 0.4798476976432652 
449.0000000000000000 	 -3.4279765514392047 	 0.8611373045783597 
450.0000000000000000 	 -2.9327121159298875 	 0.6974988094005492 
451.0000000000000000 	 -2.7226574432082060 	 3.901282647768168 
452.0000000000000000 	 -3.5459267627462254 	 1.1050060213108437 
453.0000000000000000 	 -4.5095839886370568 	 1.7994289964585477 
454.0000000000000000 	 -3.1860039553279060 	 1.9736944035140132 
455.0000000000000000 	 -3.3132545331726875 	 1.1904521651754825 
456.0000000000000000 	 -3.8755900492695137 	 3.7938030748357305 
457.0000000000000000 	 -3.7217101380058772 	 4.51233436102898 
458.0000000000000000 	 -2.9535566746710940 	 0.5296197191241515 
459.0000000000000000 	 -3.9611992646309586 	 4.98988261611482 
460.0000000000000000 	 -3.8593460919037321 	 5.755754702635388 
461.0000000000000000 	 -3.3585983523552869 	 0.7557225026510801 
462.0000000000000000 	 -3.1182016493086095 	 1.0309834158139202 
463.0000000000000000 	 -2.6476156942237470 	 2.2044588622411028 
464.0000000000000000 	 -3.8018112485957878 	 0.9769695725755356 
465.0000000000000000 	 -3.2637041178023205 	 0.8951374262571007 
466.0000000000000000 	 -3.7020289222697551 	 1.771082751828718 
467.0000000000000000 	 -3.8068542725320804 	 2.503287092448843 
468.0000000000000000 	 -2.3564342052003138 	 8.492354303504023 
469.0000000000000000 	 -2.9269843923441181 	 3.787689012270386 
470.0000000000000000 	 -4.5625306728332191 	 1.0781287890414468 
471.0000000000000000 	 -3.4977376639179907 	 1.8784178332369992 
472.0000000000000000 	 -3.9183612568037263 	 1.07147688354747 
473.0000000000000000 	 -3.8869130758164521 	 2.542270347575016 
474.0000000000000000 	 -3.0810001533757871 	 3.312226629793259 
475.0000000000000000 	 -4.1856264375761798 	 1.130969932726907 
476.0000000000000000 	 -3.8589133718202819 	 6.547556409131905 
477.0000000000000000 	 -3.1243834378815514 	 1.3936289406519977 
478.0000000000000000 	 -3.4245852209834524 	 0.5145769299477205 
479.0000000000000000 	 -2.9432917797900182 	 0.42347544183843294 
480.0000000000000000 	 -3.7147184453782098 	 0.4717483266641307 
481.0000000000000000 	 -3.1090582269560696 	 0.8977284940321635 
482.0000000000000000 	 -3.9185370570379274 	 1.8990394226563636 
483.0000000000000000 	 -2.7035265647677491 	 0.785720277173143 
484.0000000000000000 	 -3.7681009986838938 	 0.6199864004269038 
485.0000000000000000 	 -3.8996155362360598 	 3.3700744953943236 
486.0000000000000000 	 -2.8607544015373101 	 1.2587396642144781 
487.0000000000000000 	 -2.9670976369105446 	 1.3943273429719412 
488.0000000000000000 	 -3.5116361116207973 	 0.429736197066068 
489.0000000000000000 	 -3.5946099707784747 	 0.7176924035399114 
490.0000000000000000 	 -2.3784163129266847 	 1.8041437469400567 
491.0000000000000000 	 -3.8457916807094144 	 0.727004524064372 
492.0000000000000000 	 -3.9780587676726102 	 11.676057082000618 
493.0000000000000000 	 -3.1786756656312045 	 0.8852425118832765 
494.0000000000000000 	 -4.5158866004863105 	 1.0380629792634026 
495.0000000000000000 	 -2.5202318023750818 	 14.664126863652323 
496.0000000000000000 	 -4.5813241503177169 	 2.646876059088725 
497.0000000000000000 	 -3.5379861577369689 	 2.3231744681155324 
498.0000000000000000 	 -3.6962485620767778 	 6.408693003948964 
499.0000000000000000 	 -3.2887329781375110 	 2.1154810624466336 
500.0000000000000000 	 -2.2380640523904836 	 5.588840937867698 
501.0000000000000000 	 -4.8928605138116277 	 1.176528967353859 
502.0000000000000000 	 -3.6094517203970851 	 7.673969881319029 
503.0000000000000000 	 -3.5322296608223911 	 0.7010624068340526 
504.0000000000000000 	 -3.5342704816348713 	 0.747031217335389 
505.0000000000000000 	 -3.7018124502524929 	 2.759514136567023 
506.0000000000000000 	 -3.6682949865616648 	 2.249269751543508 
507.0000000000000000 	 -4.0053066262500545 	 519.939678089587 
508.0000000000000000 	 -2.9327284549761647 	 1.6532816906744192 
509.0000000000000000 	 -3.5654199266327242 	 0.43189501191641627 
510.0000000000000000 	 -2.5443433511758453 	 1.3516026008209796 
511.0000000000000000 	 -3.4731748239319904 	 0.30559426326079075 
512.0000000000000000 	 -3.1551757006006516 	 1.1722659738281458 
513.0000000000000000 	 -3.9852049794988562 	 13.923746663437411 
514.0000000000000000 	 -1.2148186078627803 	 2.632502383683634 
515.0000000000000000 	 -2.6884073295885629 	 0.9974597964486049 
516.0000000000000000 	 -3.8998645287405229 	 9.931878214551691 
517.0000000000000000 	 -2.2542479417471899 	 3.602841658574401 
518.0000000000000000 	 -2.2562419752775287 	 13.187705675657208 
519.0000000000000000 	 -3.7981835084044429 	 3.97952262022947 
520.0000000000000000 	 -3.6737394472281650 	 2.4159034372460924 
521.0000000000000000 	 -3.4304779935914236 	 0.8104633806601975 
522.0000000000000000 	 -3.9538708630843491 	 4.831086287016546 
523.0000000000000000 	 -3.8330860350372693 	 0.8876138240873077 
524.0000000000000000 	 -3.9074162726282684 	 8.673559309482501 
525.0000000000000000 	 -4.9486674557605079 	 6.418997361837856 
526.0000000000000000 	 -2.4703463570258912 	 3.4525561146847523 
527.0000000000000000 	 -3.9464997643055417 	 2.685159410778961 
528.0000000000000000 	 -3.6685771033199934 	 1.0734548905513572 
529.0000000000000000 	 -3.6110057258607053 	 1.261895605106569 
530.0000000000000000 	 -3.8728017779161732 	 7.29218750026505 
531.0000000000000000 	 -3.3907246706452909 	 1.618908612316593 
532.0000000000000000 	 -2.9829468853842176 	 0.7477156071605195 
533.0000000000000000 	 -2.1870035026747350 	 2.178550910784831 
534.0000000000000000 	 -2.6565983256473249 	 1.259194412398714 
535.0000000000000000 	 -3.6030988239729291 	 0.6452531112669055 
536.0000000000000000 	 -3.2711429739115676 	 1.0786419576672361 
537.0000000000000000 	 -2.9291178184263966 	 3.300304529221892 
538.0000000000000000 	 -2.9440521620146693 	 5.111401028464774 
539.0000000000000000 	 -3.9639281330213079 	 0.4132000045919996 
540.0000000000000000 	 -3.0585673114705791 	 2.5346424011424222 
541.0000000000000000 	 -3.1108575552288880 	 0.9453406415711495 
542.0000000000000000 	 -3.9539332654256656 	 1.1673158426279189 
543.0000000000000000 	 -3.5203076623113785 	 2.4326630613125615 
544.0000000000000000 	 -3.3269499742206707 	 0.6229784890098791 
545.0000000000000000 	 -3.6564465851382399 	 1.7543265967512462 
546.0000000000000000 	 -4.0879678700336006 	 4.857687616023347 
547.0000000000000000 	 -3.7088995056981768 	 2.3449637657522686 
548.0000000000000000 	 -3.9752160539253851 	 9.6035036304454 
549.0000000000000000 	 -2.7890898076260826 	 1.8523352451078157 
550.0000000000000000 	 -3.7643036235882348 	 2.698333523787706 
551.0000000000000000 	 -3.8506060530253641 	 1.6915455504228576 
552.0000000000000000 	 -4.7701815792545643 	 2.325292769140435 
553.0000000000000000 	 -3.5494461773142296 	 1.7068572640312107 
554.0000000000000000 	 -2.4648539175671802 	 1.546961139344063 
555.0000000000000000 	 -3.9090549514374899 	 3.741412567203955 
556.0000000000000000 	 -3.7492826522730258 	 2.305972339370832 
557.0000000000000000 	 -3.4859990041261191 	 0.676384511475833 
558.0000000000000000 	 -2.8933317518947104 	 1.1228314702328537 
559.0000000000000000 	 -3.5804455654030569 	 0.5054843844508135 
560.0000000000000000 	 -4.6154548961654323 	 1.3265655009540975 
561.0000000000000000 	 -4.9804127161551213 	 2.4243315025050816 
562.0000000000000000 	 -2.6173702028326833 	 3.1622606607585775 
563.0000000000000000 	 -2.2448543267891581 	 2.9691781254515552 
564.0000000000000000 	 -3.0026590412993044 	 0.26384357916063095 
565.0000000000000000 	 -3.4558917138138274 	 0.46853603275512923 
566.0000000000000000 	 -3.9020636132623747 	 3.768108389791758 
567.0000000000000000 	 -3.8938812024367926 	 0.7656446075395441 
568.0000000000000000 	 -3.2890221623117384 	 2.2331143685991197 
569.0000000000000000 	 -2.8492525237500059 	 12.044134831653258 
570.0000000000000000 	 -3.7093414463134353 	 1.2319237645503487 
571.0000000000000000 	 -3.8561163934545131 	 2.531511556975291 
572.0000000000000000 	 -3.3527417608950976 	 1.6372208325091353 
573.0000000000000000 	 -4.4479059263137000 	 1.6013737793199643 
574.0000000000000000 	 -3.0907392789326971 	 1.4894517278069215 
575.0000000000000000 	 -3.5833433550087479 	 1.236509376510582 
576.0000000000000000 	 -2.9108338209745792 	 0.8076754570834559 
577.0000000000000000 	 -3.9059263264475161 	 1.425100525363329 
578.0000000000000000 	 -3.9381644962848341 	 1.6544875194196607 
579.0000000000000000 	 -3.5622343908148695 	 0.7072297887585881 
580.0000000000000000 	 -3.6951444797878903 	 2.2407198726416735 
581.0000000000000000 	 -3.5084847971161448 	 0.8472752323359266 
582.0000000000000000 	 -3.0090131972816265 	 0.9490924852637896 
583.0000000000000000 	 -3.9835169269556232 	 35.725451558792564 
584.0000000000000000 	 -3.0789615342286787 	 4.929605857714752 
585.0000000000000000 	 -2.5496381227584566 	 3.13012915742641 
586.0000000000000000 	 -3.5873595574607191 	 0.6993050404843568 
587.0000000000000000 	 -3.6584794614838683 	 1.2053368752265714 
588.0000000000000000 	 -3.8973394388612848 	 8.96583824594386 
589.0000000000000000 	 -2.8563429095606878 	 0.5436450385686828 
590.0000000000000000 	 -3.6260649201589183 	 2.5386137370497655 
591.0000000000000000 	 -2.9244544900711542 	 0.6328594597469929 
592.0000000000000000 	 -2.3475023395120780 	 5.874892128923077 
593.0000000000000000 	 -3.4499347791852886 	 1.0479797602005831 
594.0000000000000000 	 -3.3579392862023982 	 0.8856637415788784 
595.0000000000000000 	 -2.8322831387457490 	 4.0944846917616005 
596.0000000000000000 	 -3.9259159838433422 	 1.4279208865645947 
597.0000000000000000 	 -3.7201877362652422 	 0.6980085513410182 
598.0000000000000000 	 -3.6605549748521380 	 0.8028490015943914 
599.0000000000000000 	 -2.7642183539390817 	 0.8695265628308291 
600.0000000000000000 	 -2.9549545373544928 	 1.3003602510538899 
601.0000000000000000 	 -2.9274646158844249 	 0.8469899397762947 
602.0000000000000000 	 -3.0148135715969580 	 0.8060413318901231 
603.0000000000000000 	 -3.8421771367459407 	 10.858386712676651 
604.0000000000000000 	 -3.5380703582443056 	 1.413246356237786 
605.0000000000000000 	 -3.8669661709549819 	 1.7334662302645054 
606.0000000000000000 	 -3.1975289363828039 	 1.1232011555014192 
607.0000000000000000 	 -3.1398905780991750 	 0.5855673033941151 
608.0000000000000000 	 -3.9324294911057676 	 0.7664142576664247 
609.0000000000000000 	 -4.1827531677816632 	 1.264404161853288 
610.0000000000000000 	 -3.2502731457229403 	 5.179531353708729 
611.0000000000000000 	 -3.8560417206670725 	 1.3581048760049839 
612.0000000000000000 	 -4.0648704868863055 	 3.3045557230509925 
613.0000000000000000 	 -2.3985947436642405 	 3.7105234319779576 
614.0000000000000000 	 -3.9786057779070600 	 19.252949502599932 
615.0000000000000000 	 -4.0633500020017319 	 0.6637686696579695 
616.0000000000000000 	 -4.1929255707220285 	 1.7669409669613374 
617.0000000000000000 	 -3.8071547045113872 	 1.4380773334591883 
618.0000000000000000 	 -4.4905671936570535 	 1.7814203777166924 
619.0000000000000000 	 -2.9333522680352599 	 7.360097511837192 
620.0000000000000000 	 -2.7470412336508265 	 1.7459395544076506 
621.0000000000000000 	 -2.9039958111428907 	 2.228259408228495 
622.0000000000000000 	 -4.8101820195236487 	 3.147252229140831 
623.0000000000000000 	 -3.6574117181040093 	 3.177742626890809 
624.0000000000000000 	 -3.8038257268820672 	 2.215079207367282 
625.0000000000000000 	 -4.5385639601250256 	 2.420137890873997 
626.0000000000000000 	 -4.0068899096826094 	 5.836472140074843 
627.0000000000000000 	 -2.9470747401797199 	 0.6119514087309087 
628.0000000000000000 	 -3.8412310068559341 	 1.6339248973197547 
629.0000000000000000 	 -4.4493833837000043 	 0.7699860068411962 
630.0000000000000000 	 -3.4410945135160316 	 2.7356441276600516 
631.0000000000000000 	 -3.5956034609905898 	 0.5091073542366253 
632.0000000000000000 	 -3.8580142059410734 	 0.7952654912853652 
633.0000000000000000 	 -3.2170437435837003 	 1.1827422415579563 
634.0000000000000000 	 -3.7346506036821441 	 1.3407076799128446 
635.0000000000000000 	 -2.0609789218175898 	 9.50320969741681 
636.0000000000000000 	 -4.6634835114625535 	 0.9318921641783924 
637.0000000000000000 	 -3.8973673371704654 	 12.899700544479371 
638.0000000000000000 	 -3.2405770281525230 	 2.046751241797812 
639.0000000000000000 	 -3.0956341188067316 	 2.5134269596099847 
640.0000000000000000 	 -3.9032995962977783 	 5.194839637014636 
641.0000000000000000 	 -2.2656392896476243 	 4.223198188668144 
642.0000000000000000 	 -3.2466910122468962 	 0.9695955078223908 
643.0000000000000000 	 -3.7271909627319779 	 0.4480473671987649 
644.0000000000000000 	 -3.8356885514034955 	 1.983294441517218 
645.0000000000000000 	 -3.6343829294973151 	 4.3487067185089385 
646.0000000000000000 	 -3.8154418164199884 	 4.224874349534684 
647.0000000000000000 	 -3.4397186810179483 	 1.572291569740268 
648.0000000000000000 	 -3.7248444393783444 	 2.29292757212979 
649.0000000000000000 	 -3.4278661319641146 	 2.302934399579112 
650.0000000000000000 	 -4.7097215402232431 	 1.3811706451021983 
651.0000000000000000 	 -2.3479931761549846 	 1.0143302848118192 
652.0000000000000000 	 -3.3275783179764535 	 0.17713185521208852 
653.0000000000000000 	 -3.6347271607435907 	 2.553451079408021 
654.0000000000000000 	 -2.9246677127637222 	 1.1306982022336334 
655.0000000000000000 	 -3.7791951441189187 	 3.068962568612306 
656.0000000000000000 	 -3.5826074153157914 	 0.970423039513959 
657.0000000000000000 	 -3.0489163000695338 	 4.017446892798401 
658.0000000000000000 	 -2.3128673502845420 	 0.8544563968422685 
659.0000000000000000 	 -4.1171302900792597 	 0.4543785254714653 
660.0000000000000000 	 -3.7676492601657983 	 3.626513861545395 
661.0000000000000000 	 -4.9247554462512202 	 2.7868695976851865 
662.0000000000000000 	 -3.6052569945443609 	 1.6233156945346938 
663.0000000000000000 	 -3.4256257213193222 	 0.42669817033472535 
664.0000000000000000 	 -3.6375912580423440 	 0.544905920558197 
665.0000000000000000 	 -3.7482384590658495 	 0.5936402852672136 
666.0000000000000000 	 -4.4992472367881122 	 3.5861032091470793 
667.0000000000000000 	 -3.9788747868385506 	 12.952972530157503 
668.0000000000000000 	 -3.4534900289836004 	 3.8403225138881374 
669.0000000000000000 	 -3.2029467640817151 	 2.0434520628016233 
670.0000000000000000 	 -2.9427888341794741 	 1.6075336101325803 
671.0000000000000000 	 -3.6659658013456951 	 1.141579702418471 
672.0000000000000000 	 -3.6806225296160426 	 4.318903817374269 
673.0000000000000000 	 -3.4779685085903087 	 0.7586837074814387 
674.0000000000000000 	 -2.2993539662139248 	 3.1909357598294186 
675.0000000000000000 	 -4.6935337582236345 	 0.3988507084358706 
676.0000000000000000 	 -4.1441804965261220 	 1.4063301353251 
677.0000000000000000 	 -0.0400944437931154 	 182.34854721630333 
678.0000000000000000 	 -3.6347973098484614 	 0.07098949672686812 
679.0000000000000000 	 -4.4922163116763327 	 2.0625996090533563 
680.0000000000000000 	 -2.5062337592003661 	 5.834282356084425 
681.0000000000000000 	 -3.3097326293640705 	 0.8324174071558753 
682.0000000000000000 	 -3.8930899044558278 	 2.602905480629123 
683.0000000000000000 	 -2.4374742923672690 	 7.80877304478973 
684.0000000000000000 	 -3.9768780150683862 	 10.602693349749847 
685.0000000000000000 	 -4.3467663228549940 	 3.834218802230271 
686.0000000000000000 	 -3.8496015120099649 	 3.9500548767907357 
687.0000000000000000 	 -3.7551210952279446 	 1.8709215460756259 
688.0000000000000000 	 -3.5247220075141024 	 1.8033206007612421 
689.0000000000000000 	 -2.7929524728626869 	 0.7274858166413471 
690.0000000000000000 	 -3.8223481864668853 	 0.7484230111833656 
691.0000000000000000 	 -4.4237271090912040 	 8.140353019336649 
692.0000000000000000 	 -2.9286130212726351 	 1.245684168831977 
693.0000000000000000 	 -3.3580711580035523 	 1.8259828794299542 
694.0000000000000000 	 -3.1732244006481496 	 0.5857222344542012 
695.0000000000000000 	 -3.7821057753181355 	 0.8396500531534421 
696.0000000000000000 	 -3.5670131873286279 	 3.366863365355646 
697.0000000000000000 	 -3.9034318805874451 	 1.4644575450367072 
698.0000000000000000 	 -4.1189056615002375 	 3.041447983140259 
699.0000000000000000 	 -3.9599585808684914 	 14.361111821821046 
700.0000000000000000 	 -3.2229848181649619 	 2.2627190319164745 
701.0000000000000000 	 -3.3272225467570502 	 1.186927099894833 
702.0000000000000000 	 -3.3474185141351702 	 0.8806347972510106 
703.0000000000000000 	 -4.5545903929736928 	 5.734126181383957 
704.0000000000000000 	 -3.9206748570496965 	 6.635730112090752 
705.0000000000000000 	 -3.9855510134950447 	 18.941243827427936 
706.0000000000000000 	 -2.3698807245593274 	 4.208640640892166 
707.0000000000000000 	 -4.1037330127788527 	 0.7560587911931925 
708.0000000000000000 	 -3.5199981798843938 	 1.3074261865830468 
709.0000000000000000 	 -3.7241838302090815 	 1.2179919677997972 
710.0000000000000000 	 -3.9181211052020073 	 4.978586493480294 
711.0000000000000000 	 -5.0295230512890035 	 3.0255931387926887 
712.0000000000000000 	 -3.8040840514046748 	 1.4003218416707908 
713.0000000000000000 	 -2.3308828829408914 	 3.50459993272626 
714.0000000000000000 	 -4.4009568612431709 	 1.7168385063506277 
715.0000000000000000 	 -2.7151667992581690 	 0.7022667022739991 
716.0000000000000000 	 -3.3212596363111992 	 1.2828428328149006 
717.0000000000000000 	 -3.1098884179061055 	 1.5639538147939591 
718.0000000000000000 	 -3.8110168201813317 	 0.6697333793787072 
719.0000000000000000 	 -3.3034496045814716 	 0.7421518929978714 
720.0000000000000000 	 -3.1386968682816248 	 0.39538368443406957 
721.0000000000000000 	 -3.2055276152876631 	 1.2530347197194518 
722.0000000000000000 	 -4.6655373920312924 	 0.9359031652949412 
723.0000000000000000 	 -2.9668614206225588 	 2.6878244133904676 
724.0000000000000000 	 -3.9638610493320967 	 6.405968018146242 
725.0000000000000000 	 -3.4249114607187900 	 0.44217760925151733 
726.0000000000000000 	 -3.3590330400028630 	 0.749601576902754 
727.0000000000000000 	 -4.5046137240042023 	 1.657016019881523 
728.0000000000000000 	 -3.8857110808020785 	 7.78384080732615 
729.0000000000000000 	 -5.8456244683970287 	 10.283535916779437 
730.0000000000000000 	 -3.0450719916169953 	 12.14632705012622 
731.0000000000000000 	 -5.5963588940176336 	 2.7274867699583405 
732.0000000000000000 	 -2.9473811314681551 	 6.501214483323175 
733.0000000000000000 	 -3.9574911526065528 	 0.28773320826564575 
734.0000000000000000 	 -3.7040712044671875 	 0.7273632329509911 
735.0000000000000000 	 -2.6786279670939770 	 3.8648507711629185 
736.0000000000000000 	 -2.5986576008839988 	 1.161327617563411 
737.0000000000000000 	 -3.6595069670150000 	 0.6769451885033931 
738.0000000000000000 	 -5.9368208971238436 	 22.295073521882934 
739.0000000000000000 	 -3.9190406333378225 	 17.666289263129364 
740.0000000000000000 	 -3.4816970046203402 	 3.5533263432576305 
741.0000000000000000 	 -3.8958594639994355 	 1.39500032693092 
742.0000000000000000 	 -3.0956703051872565 	 2.0249524640149077 
743.0000000000000000 	 -3.8104899952611762 	 0.9429225314240548 
744.0000000000000000 	 -3.8837168921100269 	 2.6205762570384246 
745.0000000000000000 	 -3.7857186867846648 	 0.8583487360075884 
746.0000000000000000 	 -3.2570458050180542 	 0.8376060876382675 
747.0000000000000000 	 -3.5153266118270543 	 1.202002956706967 
748.0000000000000000 	 -3.5937048353121099 	 1.6765084144699551 
749.0000000000000000 	 -3.8209382032314627 	 3.1051041492813845 
750.0000000000000000 	 -4.5304018847107574 	 1.0489485086736345 
751.0000000000000000 	 -3.3034914689242765 	 2.105789428734087 
752.0000000000000000 	 -3.9350602617078869 	 9.121812538122537 
753.0000000000000000 	 -2.8568797011629750 	 1.0109419332021434 
754.0000000000000000 	 -3.6362791093519875 	 1.3241451844978358 
755.0000000000000000 	 -3.9380580828471645 	 10.749811875983081 
756.0000000000000000 	 -3.9242749928777627 	 2.072939163242642 
757.0000000000000000 	 -2.5933733011873374 	 3.6182150073432533 
758.0000000000000000 	 -2.0847949918735429 	 7.11800439357679 
759.0000000000000000 	 -3.0804335201336168 	 0.5027140612570019 
760.0000000000000000 	 -2.7075078946993361 	 0.555965131057705 
761.0000000000000000 	 -3.8493564450589397 	 0.86291415597353 
762.0000000000000000 	 -3.7302392166865501 	 1.3207661384927927 
763.0000000000000000 	 -3.6789352001348892 	 2.913826640132135 
764.0000000000000000 	 -3.4450734192929664 	 1.1701482092686057 
765.0000000000000000 	 -3.8212756841557227 	 4.404320317616467 
766.0000000000000000 	 -3.4945000279876575 	 0.6183561401345873 
767.0000000000000000 	 -3.7975296921026742 	 0.7317154031837048 
768.0000000000000000 	 -3.5142743766612257 	 1.3542775795597517 
769.0000000000000000 	 -4.1663060735080162 	 4.188353828276258 
770.0000000000000000 	 -2.2157480687177058 	 23.02968302446791 
771.0000000000000000 	 -3.8354850850351694 	 0.6698153899909424 
772.0000000000000000 	 -3.8237388118079205 	 8.051183632407191 
773.0000000000000000 	 -3.3179670195374684 	 1.4800835888143857 
774.0000000000000000 	 -3.6721609438337652 	 0.7642932635770409 
775.0000000000000000 	 -5.5959783180650220 	 13.398589432278447 
776.0000000000000000 	 -3.0207134817232486 	 6.478901132401175 
777.0000000000000000 	 -4.8203490769722901 	 0.6999827238618398 
778.0000000000000000 	 -3.7378126228818442 	 3.0775601578456224 
779.0000000000000000 	 -3.9903493805359873 	 3.0261325645716957 
780.0000000000000000 	 -3.0837983228617851 	 3.011366741383395 
781.0000000000000000 	 -3.6278145435031619 	 1.5370898456249036 
782.0000000000000000 	 -3.9734060668713598 	 1.9802897869329688 
783.0000000000000000 	 -4.1783903045767392 	 2.306354683558495 
784.0000000000000000 	 -3.5233416338896126 	 1.200792514513592 
785.0000000000000000 	 -4.1182172732151301 	 7.1156483267081265 
786.0000000000000000 	 -3.9573718988436775 	 1.1498473553442932 
787.0000000000000000 	 -3.5324412881212086 	 1.5721169206270156 
788.0000000000000000 	 -3.5190903081501048 	 5.063051467891781 
789.0000000000000000 	 -2.3809892987148120 	 4.32752219313125 
790.0000000000000000 	 -3.8949527432713413 	 3.0009484991888296 
791.0000000000000000 	 -3.6072135829562111 	 0.6807256094776529 
792.0000000000000000 	 -2.8315961777133984 	 1.541352411850634 
793.0000000000000000 	 -3.4747303087218189 	 0.8408811924986463 
794.0000000000000000 	 -3.9155462089597606 	 1.9635601256926956 
795.0000000000000000 	 -3.7329634854134612 	 2.126203895522085 
796.0000000000000000 	 -3.1227831836755007 	 1.2250261746002082 
797.0000000000000000 	 -3.9138565506485872 	 32.62319485665481 
798.0000000000000000 	 -3.5443014207941679 	 0.8600942529063408 
799.0000000000000000 	 -3.9579740246190016 	 3.5952588386725335 
800.0000000000000000 	 -3.2555654955246291 	 1.1385982813309479 
801.0000000000000000 	 -3.4880471705529414 	 1.7634462779137172 
802.0000000000000000 	 -3.7789699483802863 	 0.5303568501454686 
803.0000000000000000 	 -3.0177386275751337 	 5.955710564080242 
804.0000000000000000 	 -3.9188888920274523 	 0.9181435987956804 
805.0000000000000000 	 -3.1231177692224685 	 1.2357198512651988 
806.0000000000000000 	 -3.7459887104491369 	 1.1063236184566556 
807.0000000000000000 	 -4.8885559241984664 	 6.33975257940081 
808.0000000000000000 	 -3.6325563153003042 	 3.946451397357433 
809.0000000000000000 	 -3.7959394873954952 	 1.67700541137516 
810.0000000000000000 	 -2.2920365918488894 	 14.694267104238431 
811.0000000000000000 	 -2.3659698072708779 	 0.7854606827172439 
812.0000000000000000 	 -2.6340748419821294 	 0.30798761671963626 
813.0000000000000000 	 -3.7730138897694423 	 0.5739304976804013 
814.0000000000000000 	 -4.0178941832592132 	 0.7174601703074965 
815.0000000000000000 	 -3.5137713543544389 	 1.9155909045898807 
816.0000000000000000 	 -3.5589703182340071 	 1.0878268413936811 
817.0000000000000000 	 -3.4512199153773784 	 1.0410750335479542 
818.0000000000000000 	 -3.8117778386553449 	 1.1568111164146393 
819.0000000000000000 	 -3.5395257904269943 	 0.8097411626955955 
820.0000000000000000 	 -4.8650360738197875 	 1.2041917428266928 
821.0000000000000000 	 -3.7503579184440379 	 2.531507359347397 
822.0000000000000000 	 -4.0098752569348770 	 0.7403033605430557 
823.0000000000000000 	 -3.9864941532913423 	 10.40760679556593 
824.0000000000000000 	 -3.8978230882539897 	 2.4678761249402394 
825.0000000000000000 	 -3.3602876726254687 	 2.375372810959314 
826.0000000000000000 	 -2.3722801035038623 	 5.65330665016069 
827.0000000000000000 	 -3.9318282641197131 	 0.36002458863221276 
828.0000000000000000 	 -3.6245642894080370 	 2.5769251044979535 
829.0000000000000000 	 -4.0141898681238786 	 2.2714400816254456 
830.0000000000000000 	 -2.3875712280297976 	 5.496624690516008 
831.0000000000000000 	 -3.2130901278550370 	 0.7961656145752013 
832.0000000000000000 	 -3.8267139689431784 	 0.4872681205186045 
833.0000000000000000 	 -4.4403200188175314 	 2.3690165024812795 
834.0000000000000000 	 -3.8018733353476404 	 1.0399785330569735 
835.0000000000000000 	 -3.3361637237225890 	 1.958607401635129 
836.0000000000000000 	 -3.5208977292685777 	 1.068927206465644 
837.0000000000000000 	 -3.9608966651512194 	 8.903629936496978 
838.0000000000000000 	 -3.1634452245299829 	 1.0227733504484848 
839.0000000000000000 	 -2.2795491759749851 	 3.3275146309939316 
840.0000000000000000 	 -3.4253748218582292 	 0.7482820001576542 
841.0000000000000000 	 -4.7128365395871450 	 10.932714500925158 
842.0000000000000000 	 -3.4487105829826192 	 17.297319036494997 
843.0000000000000000 	 -3.4864466339394831 	 0.6752361101832085 
844.0000000000000000 	 -3.7811945400922728 	 1.5548923964860046 
845.0000000000000000 	 -3.9441508253219286 	 1.5111951877215493 
846.0000000000000000 	 -3.1482449102490411 	 1.5701180635532133 
847.0000000000000000 	 -3.8681491226192199 	 0.8058969995554257 
848.0000000000000000 	 -4.0225525875435109 	 0.9444925108692525 
849.0000000000000000 	 -3.2929955545430283 	 2.4032974800490576 
850.0000000000000000 	 -3.3117054301727404 	 0.6895800104017792 
851.0000000000000000 	 -3.3993899746194787 	 2.3050381875290546 
852.0000000000000000 	 -2.7217704523553827 	 3.284083111007981 
853.0000000000000000 	 -3.9265129380960242 	 1.3101656781981716 
854.0000000000000000 	 -2.3753888858594090 	 2.2276004459835606 
855.0000000000000000 	 -3.2419629439908890 	 0.5052195702042396 
856.0000000000000000 	 -3.3648171898863963 	 1.8762570756622852 
857.0000000000000000 	 -3.1224223281424219 	 0.26833817493719625 
858.0000000000000000 	 -3.4448962360738657 	 1.1643418947007957 
859.0000000000000000 	 -3.2551266110781931 	 0.4851249067454882 
860.0000000000000000 	 -3.0449297641203898 	 1.2914170008415513 
861.0000000000000000 	 -3.0766257583644423 	 1.4748255105287442 
862.0000000000000000 	 -2.8549192408957245 	 0.9466679018073654 
863.0000000000000000 	 -3.7145187761175853 	 1.2407581720021452 
864.0000000000000000 	 -4.6383055090294025 	 3.70572022520955 
865.0000000000000000 	 -3.2377239857600535 	 6.410241540686303 
866.0000000000000000 	 -4.3141639511732084 	 6.127856666682333 
867.0000000000000000 	 -3.8281487465887007 	 10.35971782060374 
868.0000000000000000 	 -3.6603307102685387 	 3.1204008989683683 
869.0000000000000000 	 -3.2457968113207616 	 0.4440880660258437 
870.0000000000000000 	 -2.2764472439635726 	 2.980210029023979 
871.0000000000000000 	 -3.8166352204248821 	 0.29966785183791733 
872.0000000000000000 	 -2.6607654178614122 	 2.4830793788268886 
873.0000000000000000 	 -2.4763903719673919 	 5.730594941105666 
874.0000000000000000 	 -3.8551929092814392 	 0.9610223128597177 
875.0000000000000000 	 -3.3256368961806264 	 0.7051262714015138 
876.0000000000000000 	 -3.7428803089103653 	 1.378562200080588 
877.0000000000000000 	 -3.8326215925688039 	 1.4736253497752407 
878.0000000000000000 	 -4.3093564265655377 	 3.9453853608845093 
879.0000000000000000 	 -3.3767502970446852 	 0.9097465562597797 
880.0000000000000000 	 -3.2656504641837105 	 0.6299154225168775 
881.0000000000000000 	 -5.0011009152470862 	 8.347670586181422 
882.0000000000000000 	 -5.1129262620425857 	 5.21848973127532 
883.0000000000000000 	 -3.3173155241706018 	 3.2762160110496463 
884.0000000000000000 	 -3.4659452004791302 	 1.0908579452871936 
885.0000000000000000 	 -3.9692870668958617 	 22.053806833880753 
886.0000000000000000 	 -3.1347572996944648 	 0.6768875848953511 
887.0000000000000000 	 -3.4378478160286754 	 2.527297544019678 
888.0000000000000000 	 -3.0648307494203162 	 2.356567845003157 
889.0000000000000000 	 -3.6169719724813012 	 1.2167638300036558 
890.0000000000000000 	 -2.9029933797207117 	 6.359003299232456 
891.0000000000000000 	 -3.9239704844723717 	 0.3862404257458732 
892.0000000000000000 	 -4.1265264026370980 	 3.0506232245363285 
893.0000000000000000 	 -4.1556093478729323 	 4.461284470301645 
894.0000000000000000 	 -3.8560233354094691 	 1.7877121229974537 
895.0000000000000000 	 -4.0321076286186530 	 0.8129977551820742 
896.0000000000000000 	 -3.5252236863113531 	 7.558122394898944 
897.0000000000000000 	 -3.7116606461846193 	 1.0520018203919241 
898.0000000000000000 	 -3.2839538550979688 	 0.407252585666282 
899.0000000000000000 	 -2.7818501130739519 	 4.381036723432576 
900.0000000000000000 	 -3.3628393624263881 	 21.79007485953972 
901.0000000000000000 	 -4.8013675304840584 	 1.5563257278007692 
902.0000000000000000 	 -2.8015548835497346 	 3.3952692275394294 
903.0000000000000000 	 -3.9859596631852390 	 78.48406024933486 
904.0000000000000000 	 -3.2247749701651176 	 2.3405050339347553 
905.0000000000000000 	 -2.5752929381059593 	 2.0210149603546217 
906.0000000000000000 	 -3.4690596796008624 	 0.7253426335104836 
907.0000000000000000 	 -3.5517823864134450 	 1.6032232685812036 
908.0000000000000000 	 -3.1718312037873275 	 1.9600816487093409 
909.0000000000000000 	 -3.7157536588884019 	 0.82711010671905 
910.0000000000000000 	 -5.1220585875217575 	 2.233682054628054 
911.0000000000000000 	 -4.0043520800960950 	 18.41421914610847 
912.0000000000000000 	 -3.4063001814531635 	 0.8070076005733046 
913.0000000000000000 	 -5.8628079518465599 	 47.08873016769968 
914.0000000000000000 	 -2.7732294769568013 	 8.905646331761126 
915.0000000000000000 	 -3.4496535558841477 	 1.1169270866422316 
916.0000000000000000 	 -2.6057572077538751 	 3.468468159519116 
917.0000000000000000 	 -3.2671448923782220 	 0.7916467874454732 
918.0000000000000000 	 -3.7786976239599026 	 2.6479227224339406 
919.0000000000000000 	 -4.1890350740838702 	 13.268723683425955 
920.0000000000000000 	 -3.1015747208890461 	 1.5433436860688527 
921.0000000000000000 	 -3.5318611203574233 	 0.49574776195443426 
922.0000000000000000 	 -3.8373439831110367 	 1.5262656520954019 
923.0000000000000000 	 -3.5886180134200631 	 4.255814464035919 
924.0000000000000000 	 -3.9833702660992891 	 3.492892874167626 
925.0000000000000000 	 -2.9373903883606487 	 1.8968919095866004 
926.0000000000000000 	 -3.8881269164332770 	 0.8450135503865229 
927.0000000000000000 	 -2.8660593771471459 	 9.025233204489115 
928.0000000000000000 	 -4.6462886910958288 	 1.0166784301367457 
929.0000000000000000 	 -2.0668250029468038 	 80.88126172959495 
930.0000000000000000 	 -2.7445856019515245 	 0.3532208810334707 
931.0000000000000000 	 -3.8066957796827285 	 1.2030231838009768 
932.0000000000000000 	 -5.5586350765777448 	 7.71945613360273 
933.0000000000000000 	 -4.0174056707891781 	 9.312726870017684 
934.0000000000000000 	 -3.3593996970956064 	 2.0925301041657454 
935.0000000000000000 	 -3.8640855720118821 	 1.1206752086840819 
936.0000000000000000 	 -3.1284996183921918 	 2.1409374502832117 
937.0000000000000000 	 -3.7916809291583466 	 1.605034078586529 
938.0000000000000000 	 -3.8710539178467425 	 0.5425158581329669 
939.0000000000000000 	 -3.6966816870220840 	 4.148202101423511 
940.0000000000000000 	 -4.8444484661374405 	 2.3665218402344923 
941.0000000000000000 	 -3.9043716106928694 	 3.717557562635569 
942.0000000000000000 	 -3.9919171391297601 	 92.56373033178124 
943.0000000000000000 	 -3.8296224966023709 	 2.531246623145015 
944.0000000000000000 	 -2.2032168399613425 	 9.588240444074971 
945.0000000000000000 	 -3.6131599881168768 	 0.16831558646934747 
946.0000000000000000 	 -3.9806537003104134 	 9.994298457593464 
947.0000000000000000 	 -2.5320738485999321 	 3.6406114495582513 
948.0000000000000000 	 -4.1743236210574945 	 1.0588936968097828 
949.0000000000000000 	 -3.4774606903531384 	 1.7566451749379397 
950.0000000000000000 	 -3.5680836474607789 	 0.4110062956789124 
951.0000000000000000 	 -2.9634026806711740 	 1.2283687944840858 
952.0000000000000000 	 -2.5109371807326264 	 2.437330242894004 
953.0000000000000000 	 -4.9781712182302806 	 6.22461701277149 
954.0000000000000000 	 -3.6396470380525958 	 1.7082628464587124 
955.0000000000000000 	 -3.8943241121088761 	 4.453439381896981 
956.0000000000000000 	 -2.9058825616032546 	 3.3241723853354532 
957.0000000000000000 	 -3.6912229299997987 	 1.2483452468198286 
958.0000000000000000 	 -3.9566515194861980 	 5.239925585651153 
959.0000000000000000 	 -3.1749808038960690 	 0.5561579922017104 
960.0000000000000000 	 -3.8216583268736706 	 16.71994642903064 
961.0000000000000000 	 -3.8004438336993585 	 8.413345205222727 
962.0000000000000000 	 -3.3663005848475724 	 1.4019256770781854 
963.0000000000000000 	 -3.9975092728065422 	 2.4674094151338153 
964.0000000000000000 	 -4.0357723441014857 	 8.202930026334077 
965.0000000000000000 	 -3.6584438066356046 	 0.9581723315462819 
966.0000000000000000 	 -3.6384519182445745 	 1.6315229644112001 
967.0000000000000000 	 -4.9892137874476257 	 3.7134294818105817 
968.0000000000000000 	 -3.9540646664203498 	 17.369010906743817 
969.0000000000000000 	 -3.8933827671585437 	 0.46445650468400934 
970.0000000000000000 	 -3.5390501927190039 	 0.727317556495922 
971.0000000000000000 	 -1.9915841472289906 	 103.1684036147783 
972.0000000000000000 	 -3.8358542409144909 	 0.22990592314010913 
973.0000000000000000 	 -4.6754760089125087 	 3.4843611180350798 
974.0000000000000000 	 -4.1069808889663326 	 2.331929419671922 
975.0000000000000000 	 -3.0100371822043077 	 4.073069721526696 
976.0000000000000000 	 -2.7355345017595485 	 1.7721923150218994 
977.0000000000000000 	 -4.5736171618308932 	 1.8606356834516733 
978.0000000000000000 	 -2.2384470255628632 	 4.93590462434991 
979.0000000000000000 	 -3.8798993137138580 	 1.6583456684910793 
980.0000000000000000 	 -3.8993459466367186 	 14.995669357740317 
981.0000000000000000 	 -3.2347897020079834 	 1.2711164385934692 
982.0000000000000000 	 -2.2996152362494020 	 4.327150684156899 
983.0000000000000000 	 -3.8844644950595977 	 4.980237798093736 
984.0000000000000000 	 -3.4143822697498836 	 1.9218456503276267 
985.0000000000000000 	 -2.4706374976999448 	 1.736306015522539 
986.0000000000000000 	 -3.8108530329111621 	 0.4654778336129983 
987.0000000000000000 	 -3.4299804346480203 	 0.6082305086403007 
988.0000000000000000 	 -3.6828421994942753 	 0.5841500449654989 
989.0000000000000000 	 -3.3397249491906678 	 12.371062939692356 
990.0000000000000000 	 -3.8246577359838141 	 3.0340328463523085 
991.0000000000000000 	 -4.3536902445862191 	 5.027861818335194 
992.0000000000000000 	 -2.9352719236332496 	 2.4360605854866604 
993.0000000000000000 	 -2.3972956558139642 	 0.9839451507111686 
994.0000000000000000 	 -2.1179464739956555 	 7.610438871243659 
995.0000000000000000 	 -3.9894252461207609 	 7.926521147606859 
996.0000000000000000 	 -3.7303262416399057 	 1.3455202743673296 
997.0000000000000000 	 -5.5827994154327847 	 5.400858384451578 
998.0000000000000000 	 -3.6395070369139844 	 2.4893195318891745 
999.0000000000000000 	 -2.7085921327409266 	 2.661941944427472 
