1	-87.91158112615747	0.03903970837265255	5198.5	281.36571693556886
2	-87.92096481602023	0.03932967747050125	5192.886515344481	281.7208870825025
3	-87.93042113027394	0.03963247003053337	5186.303209143692	282.0668195806828
4	-87.93992843271481	0.03994752069573669	5180.744762580285	282.4032260368922
5	-87.94946593972989	0.040274081172990916	5174.2058382934265	282.7298382292104
6	-87.95901420511424	0.04061114698216322	5168.680344025048	283.0464320473122
7	-87.96855498409512	0.04095746223978996	5162.162614540757	283.3527691752025
8	-87.9780715865287	0.04131152581965781	5156.646669936457	283.6486277949879
9	-87.98754868980821	0.04167161264111716	5150.126630671188	283.93377422883117
10	-87.99697275201916	0.0420358149446041	5144.595294961588	284.2080761853657
11	-88.00633166235885	0.04240202918014672	5138.045943275616	284.47138976846423
12	-88.01561464451973	0.042768002070405126	5132.471553439598	284.7236464954801
13	-88.02481183529989	0.043131349375520385	5125.865630324416	284.96473864439224
14	-88.03391439714254	0.04348963428504797	5120.220997508889	285.19460623851006
15	-88.04291432357302	0.043840401749292074	5113.530094926578	285.4131950641569
16	-88.05180432155501	0.0441812220195282	5107.785417474565	285.6204839168401
17	-88.0605775565526	0.04450972956324833	5100.978608868308	285.81649610862354
18	-88.06922737125699	0.04482368672605874	5095.103821384637	286.0011928731308
19	-88.07774726285467	0.04512098599411411	5088.154727368147	286.1745704985372
20	-88.08613080755369	0.04539966924481906	5082.124649117297	286.33664008108724
