1	-87.12893296529825	0.07370766072040087	5198.5	281.36571693556886
2	-87.16129174258678	0.0748093776624466	5185.885656748247	281.37436939725694
3	-87.19420342210366	0.07595860826177306	5171.843758130954	281.377511206723
4	-87.22757941421179	0.07714857229250428	5158.353424190643	281.3748065661262
5	-87.26133159906635	0.07837088063015671	5143.395542617774	281.36592656572043
6	-87.29537349744292	0.07961621295834695	5128.952375192399	281.35048047409197
7	-87.32962194370344	0.08087411504997905	5113.009817202583	281.3281248664349
8	-87.36399627735517	0.08213307846302129	5097.553804723224	281.2985300514284
9	-87.39841893467043	0.08338093481011667	5080.574643356633	281.26129457048285
10	-87.4328156752426	0.08460519570090805	5064.063659565738	281.2160153916841
11	-87.46711520797507	0.08579309304217246	5046.016120354972	281.16229864915164
12	-87.50124892692521	0.08693191978536459	5028.431431480576	281.09969055791925
13	-87.53515022877414	0.08800962890454102	5009.313074574205	281.02769843214395
14	-87.56875289882389	0.08901491237239834	4990.667214351482	280.9457437834628
15	-87.60199184114458	0.08993705233271466	4970.503859651615	280.8533871045853
16	-87.63480243726441	0.09076650612141023	4950.840443710936	280.75003220761806
17	-87.66712107054502	0.09149545649878442	4929.698783499705	280.63516100509867
18	-87.6988852935729	0.09211748171870525	4909.105003728011	280.5082126788595
19	-87.73003493813732	0.09262788924411272	4887.093026827234	280.3684744269348
20	-87.76051201794289	0.09302358654947497	4865.7005236392	280.21531066469123
21	-87.79026229190382	0.09330325808702561	4842.969486470142	280.0481178625053
22	-87.81923572231972	0.09346706030832712	4820.945737660028	279.86633325833293
23	-87.84738567105003	0.09351624498791464	4797.680545755148	279.66938423179874
24	-87.8746693903652	0.09345390995371915	4775.228516099677	279.4567401888457
25	-87.90104972458542	0.09328437264701057	4751.646083543428	279.22782494524307
26	-87.92649548612549	0.0930128474243209	4728.990096413699	278.98206120863443
27	-87.95097874955952	0.09264525151724042	4705.316994828089	278.71901838501225
28	-87.97447802253882	0.0921882596812895	4682.6823880527245	278.43834895923726
29	-87.99697899302608	0.09164939368471774	4659.142954914359	278.13983185889043
30	-88.01847218447108	0.09103628309590997	4636.750005415718	277.82345839146944
31	-88.03895565124334	0.09035637283513435	4613.551388378388	277.4892995967587
32	-88.05843387661405	0.08961759379664185	4591.591498182275	277.1374882156261
33	-88.076918700214	0.08882766769416597	4568.909855863543	276.76827101607313
34	-88.09442768137721	0.08799387903134757	4547.540622092656	276.38208707568765
35	-88.11098498711935	0.08712326538510286	4525.511904208727	275.97945195518537
36	-88.12662210376766	0.08622247872936174	4504.84789692064	275.5609773367318
37	-88.14138017365804	0.08529836219249422	4483.567373815532	275.12741031605736
38	-88.15530555441393	0.08435683340317673	4463.682784763724	274.6795087206787
39	-88.16845030418916	0.08340374196503007	4443.199672166634	274.2180955892294
40	-88.18087605062978	0.08244569519101042	4424.119861926971	273.74403478175475
41	-88.1926483200932	0.08148865168982614	4404.438219461476	273.25807804156983
42	-88.20383781654988	0.08053861205272522	4386.144773569386	272.76093509242133
43	-88.21451877939361	0.07960146843457648	4367.226646874027	272.253370580114
44	-88.2247690793863	0.07868306038114392	4349.666599170284	271.73605759597956
45	-88.23467022541226	0.07778889742237231	4331.442680017182	271.20941702136406
46	-88.24429976823733	0.07692436384079461	4314.530804764268	270.67387631914346
47	-88.25372996297837	0.07609432513858526	4296.903123543038	270.1297763398924
48	-88.26302959387112	0.07530323979391354	4280.5291227309945	269.5773649473635
49	-88.27226164007534	0.07455469231248278	4263.377613289893	269.0168243337097
50	-88.28148214620148	0.07385167925592562	4247.416862816741	268.44828671459015
51	-88.29074237397268	0.07319596082570513	4230.61516681343	267.8718766935806
52	-88.30008291375586	0.07258755493411771	4214.940182149984	267.2876245836168
53	-88.30953205847487	0.07202538515981255	4198.357867325154	266.69539589952876
54	-88.31911345429451	0.07150787266466722	4182.836837150805	266.09510690861094
55	-88.32883904244606	0.07103245030251458	4166.3468776956815	265.48664213587114
56	-88.33871696348126	0.07059485656698088	4150.860016063209	264.86990219675477
57	-88.34874979799602	0.07019030260604672	4134.353739351944	264.2449907931202
58	-88.35893362734919	0.06981328402908789	4118.806227742274	263.6117951282301
59	-88.3692602428857	0.06945808248187252	4102.198790048921	262.97035844181113
60	-88.37971759334965	0.06911917280191505	4086.5173324410243	262.3209323206863
61	-88.39028899841918	0.06879075003132454	4069.7506534283425	261.6638280189285
62	-88.40095759017728	0.06846721407068675	4053.889906303238	260.9993267405143
63	-88.41171377879489	0.06814397007753287	4036.9276565285386	260.32764022321703
64	-88.42254519828998	0.06781718688149586	4020.859456035449	259.649079075653
65	-88.43344136921266	0.06748355610985958	4003.6842757780673	258.9641604236546
66	-88.44438749480835	0.06714074438907829	3987.400430669879	258.2732467376386
67	-88.45536643302643	0.06678709294540709	3970.006767316694	257.5766941869923
68	-88.46635607416583	0.06642099094488656	3953.5033450435963	256.87488248901104
69	-88.47733430155459	0.06604104313947733	3935.8925856534383	256.1682909259032
70	-88.48826833684778	0.06564599265826425	3919.1749033342276	255.45711142250244
71	-88.49912069241833	0.0652340490834835	3901.3523155514235	254.74158724250012
72	-88.50983918332716	0.06480316161742745	3884.4291369829903	254.02210276809177
73	-88.52036807257916	0.0643516897851219	3866.409380676039	253.2988282301005
74	-88.53064228729542	0.0638772321614118	3849.2978932169617	252.57179441160793
75	-88.54058841028345	0.06337758533363054	3831.104236525191	251.8412027106057
76	-88.55012190864386	0.06284978601325508	3813.8423195108808	251.10736786217612
77	-88.5591593147922	0.0622913716961541	3795.53110753039	250.37082491355224
78	-88.56760674778891	0.06169952058234018	3778.1922525743485	249.63209874791804
79	-88.57537159404147	0.061070786602519314	3759.850114113427	248.8917418884817
80	-88.58236842688116	0.06040248037155492	3742.5328942995643	248.1504866357927
81	-88.58851209050654	0.059693104661708574	3724.269691301573	247.40895222622157
82	-88.59373077118785	0.05894155429394947	3707.0923290852534	246.66793064195002
83	-88.59796955499695	0.05814802978207094	3689.0329029336804	245.92820792426227
84	-88.60119139925564	0.05731333997276957	3672.124422838998	245.19070360999294
85	-88.60337155643862	0.056440313958733675	3654.3980101923808	244.45621574107673
86	-88.60450062998869	0.05553300876046306	3637.8825026514614	243.72546080862924
87	-88.60459367109186	0.054596726123900964	3620.606101594132	242.99930256724284
88	-88.60368103794481	0.05363834244222031	3604.5947215448255	242.27860156258384
89	-88.60180484023476	0.05266400819672978	3587.871694503312	241.5642105923597
90	-88.59902775752813	0.051680922728754734	3572.45659562373	240.85690408006917
91	-88.59542694747125	0.05069639159765814	3556.3659052175044	240.1574548875022
92	-88.59108836169021	0.04971834595164823	3541.610312672129	239.46637254789653
93	-88.58610210032734	0.0487542538472188	3526.1948623811877	238.78391207575
94	-88.5805726071793	0.047811848982054955	3512.1206475041536	238.11025260312832
95	-88.57460700351608	0.046899299835630695	3497.3848793054917	237.4455331703497
96	-88.56831550967931	0.046024431430259784	3483.9810262364203	236.789931769534
97	-88.56181508365117	0.04519463905082908	3469.895255603613	236.1432525229158
98	-88.55522537439761	0.04441718180658443	3457.1092911203805	235.50522613851757
99	-88.54866666610674	0.04369763397663959	3443.5995413103115	234.8754149950119
100	-88.54225201652883	0.043041145440796555	3431.3364134987696	234.2531102199166
