1	-4.5132381771869685	0.0013108903315838416	5198.5	281.36571693556886
2	-4.5138882477328846	0.0013127781893807527	5197.09982246238	281.2013699347446
3	-4.51406521401623	0.0013140083789687767	5194.816289369144	281.03516667566515
4	-4.514045557434898	0.0013154835484470557	5193.577174451733	280.87043333839927
5	-4.5140027928490465	0.001322505690407821	5191.46110464416	280.7056525750602
6	-4.514001611364645	0.0013331937290385933	5190.533450287337	280.5389419116646
7	-4.513915255794555	0.0013422916629196567	5188.681471721521	280.37257304478976
8	-4.51382402871104	0.001352669226376956	5187.881690932175	280.20526931624806
9	-4.513783007745402	0.0013560786030858522	5186.012768471286	280.0339600923809
10	-4.513800573039789	0.0013488387861975825	5185.021688799982	279.8586677420449
11	-4.5137949771391	0.001345818374192441	5182.97198226182	279.67609551892417
12	-4.51382372650731	0.0013453279738680534	5181.851272956219	279.4890483626497
13	-4.513924579938671	0.0013494945348207499	5179.758840334251	279.29539129936506
14	-4.5140249290035	0.0013475902063842578	5178.629383861516	279.09714756961586
15	-4.514041379149909	0.0013451992791368465	5176.519096753496	278.89784021430944
16	-4.514089522883078	0.0013479479704540229	5175.3836930496145	278.6999068762437
17	-4.514206097667747	0.0013475559516254174	5173.175538319238	278.5033087597436
18	-4.514280146216232	0.0013437959848088437	5172.0359969667	278.3063233533175
19	-4.514259519645337	0.0013406426813560462	5169.946612175214	278.1077900140192
20	-4.514179106019475	0.0013386542414165464	5168.878684636087	277.907908000549
21	-4.514094705659553	0.0013418996586463292	5166.943692108193	277.70612157097605
22	-4.514035343760489	0.0013426994646918396	5166.040749668367	277.50414338127797
23	-4.514018805694897	0.001335028376893574	5164.029217898615	277.300923449182
24	-4.514030438524037	0.0013266996204856435	5163.01294877145	277.10079852093776
25	-4.514015142725106	0.0013328935515972999	5160.970884852416	276.9038130257516
26	-4.5139970725216605	0.001334634721328042	5159.750745300958	276.7061646169572
27	-4.513989992254687	0.0013365747245600657	5157.3768292178565	276.5001783941185
28	-4.513997881305884	0.0013362976041301766	5155.897956382506	276.2840609767346
29	-4.514024666068862	0.0013406247741215985	5153.432290983113	276.0538597697718
30	-4.514038687862713	0.0013483344070127814	5152.032207600221	275.8174197906794
31	-4.5139863899725645	0.0013433038282096113	5149.633591125343	275.5859611580307
32	-4.514091633867168	0.001342949838055954	5148.268602170706	275.36110253088356
33	-4.514189551176757	0.0013431112090947688	5145.974614228226	275.12908250580176
34	-4.514169627899125	0.001338465765876572	5144.914315354801	274.8951144129727
35	-4.5140974156597	0.0013347671286278089	5143.10798908125	274.6598969951016
36	-4.514045621222643	0.001321042130294149	5142.364701662902	274.41998555354814
37	-4.514064357143852	0.001321534626415154	5140.638303149874	274.1786028416906
38	-4.514013936283189	0.0013284634428789189	5139.964289962493	273.9316001782959
39	-4.514045302818956	0.0013418285674985863	5138.1625527856295	273.6778125365446
40	-4.513989276217631	0.0013495298226938995	5137.172981739814	273.42442638394675
41	-4.513962878905673	0.0013567897213202776	5135.103768524969	273.17124792156415
42	-4.513996496286973	0.0013663001712161526	5134.123214771749	272.91868540171976
43	-4.5140722007735885	0.0013689106307658524	5132.237120286679	272.66868661696253
44	-4.514095027309474	0.001358808936212455	5131.473377445345	272.4200899614623
45	-4.514116257578012	0.0013546621456446614	5129.883037204986	272.17342367655283
46	-4.514169111840654	0.001358539221018134	5129.345575190232	271.9286358469228
47	-4.51424728979066	0.0013588115965020892	5127.910979046818	271.6860198928157
48	-4.514289416677434	0.0013548641575279671	5127.694044241586	271.4491694474665
49	-4.514356158393689	0.0013491658552406568	5126.68573159741	271.2135300068792
50	-4.514369432865342	0.0013446348292481777	5126.777268435857	270.96777876171893
51	-4.514284604668422	0.0013318166485096392	5125.945885595819	270.7143727365716
52	-4.514210521602847	0.0013154663861160631	5126.154539491327	270.4515995926005
53	-4.5141889416353695	0.0013063929778810287	5125.426858595289	270.19094047980417
54	-4.514139812004472	0.0012972444333769104	5125.8092255378115	269.9344648880613
55	-4.514149235356908	0.0012918738579190592	5125.179258639788	269.68280543695323
56	-4.5140819112708614	0.001282134650554263	5125.44737417404	269.4329472929283
57	-4.514155760099643	0.0012916577222148084	5124.63236966993	269.1808366156441
58	-4.514161848575517	0.0012931195565061698	5124.803567670803	268.92041219297874
59	-4.514139395322538	0.001293037207817108	5123.903443233631	268.6494774324205
60	-4.514110513795493	0.0012908024448946929	5123.964211805633	268.37442749471546
61	-4.5139944302668775	0.001279105570215366	5123.017594704593	268.09848560989025
62	-4.513964256145619	0.0012696935277638763	5122.938312963631	267.8275792605116
63	-4.513989840218223	0.0012576934376631722	5121.745255727653	267.5605314582302
64	-4.513859360713078	0.0012432478266515285	5121.488705801963	267.3004252176845
65	-4.513752453259162	0.0012291630546648954	5120.252263535332	267.05185745754386
66	-4.513615109845741	0.0012146251667938949	5120.101678552062	266.80999104744905
67	-4.5135416191755535	0.0012054336964142985	5119.0378544030955	266.5685188436324
68	-4.513526752825151	0.0012065103960884986	5118.933117493144	266.3281860027786
69	-4.513468533700946	0.0012009823346664046	5117.837012997508	266.08927941531937
70	-4.513375207591864	0.001200596089526836	5117.779306986574	265.860326101019
71	-4.51335207888748	0.0012008191098865733	5116.556925670813	265.6341277481538
72	-4.513405077504327	0.0012134679810402497	5116.1049271077545	265.40581183957073
73	-4.513316804933767	0.001226901816895145	5114.491969228779	265.17182832970593
74	-4.513292924828826	0.0012406369160598877	5113.749715974898	264.93468434767476
75	-4.51327613401084	0.0012479954020123917	5111.976900513592	264.7041765164688
76	-4.513194112357078	0.0012438662512214197	5111.216465639318	264.47971425286573
77	-4.513105286102995	0.001236576858627225	5109.536263453339	264.2542153824536
78	-4.513121354739865	0.0012333779015625808	5108.925041465813	264.02730526890826
79	-4.513097505460263	0.0012356997898341922	5107.255857234384	263.8047364910285
80	-4.513099558527709	0.001238187148590941	5106.509111597288	263.5772535360523
81	-4.513032737878259	0.0012422040557257335	5104.842626528197	263.3544003657642
82	-4.513014528649143	0.0012353907013814122	5104.418384000062	263.12880949312205
83	-4.513054437457975	0.0012342404319091004	5103.1599069440035	262.90112249146847
84	-4.5130695281684226	0.0012286226254386034	5103.059397740825	262.67078671693713
85	-4.513172184124561	0.0012314845617378079	5101.946721554839	262.4361735094326
86	-4.513241785021686	0.0012301945867330087	5101.768808887881	262.2006209474039
87	-4.513319881566927	0.0012369493869870216	5100.646694777397	261.9730880095358
88	-4.513418137008927	0.0012437248721638716	5100.511095555382	261.74340269646024
89	-4.5134631067803435	0.0012475990507443025	5099.385747773519	261.51547690266443
90	-4.51347805907048	0.0012519739024328329	5099.20392642581	261.29507718927175
91	-4.513514160974261	0.001251785125420372	5097.881015405755	261.0819487446218
92	-4.513565254472617	0.0012535555246365286	5097.493117699427	260.8702774760564
93	-4.513493684287501	0.0012564258965890637	5096.116676399072	260.6602012391308
94	-4.513493052900663	0.0012587904636805556	5095.766962209097	260.4515257385406
95	-4.5135279151153505	0.0012708530739906215	5094.542172595117	260.2425395385266
96	-4.513515329463132	0.0012860460483232385	5094.352415009935	260.03536256772304
97	-4.513557025719252	0.0012938307753564073	5093.267972563132	259.83039844595334
98	-4.513492886886427	0.0012989093944596926	5093.300052728024	259.62606624476535
99	-4.5134462528319395	0.0013038351049272866	5092.354303458687	259.4175250642414
100	-4.513340968318244	0.0012976786314651916	5092.3487222861495	259.20542084080114
